scale=5; (4+2+3+4+4+4+5+5+4+4+3+5+4+4+4+4+5+2+5+4+5+5+3+4+4+5+5+4+4+3+1+3+2+4+4+3+1+2+2+3+4+3+5+3+2+2+2+2+4+3+4+2+4+3+4+3+2+2+4+2+3+4+4+3+4+4+2+4+4+3+4+4+5+4+4+4+3+4+4+4+4+4+3+4+3+1+5+4+4+2+5+3+3+3+2+3+3)/97

AVG: 3.47422

sqrt(((4-3.47422)*(4-3.47422)+(2-3.47422)*(2-3.47422)+(3-3.47422)*(3-3.47422)+(4-3.47422)*(4-3.47422)+(4-3.47422)*(4-3.47422)+(4-3.47422)*(4-3.47422)+(5-3.47422)*(5-3.47422)+(5-3.47422)*(5-3.47422)+(4-3.47422)*(4-3.47422)+(4-3.47422)*(4-3.47422)+(3-3.47422)*(3-3.47422)+(5-3.47422)*(5-3.47422)+(4-3.47422)*(4-3.47422)+(4-3.47422)*(4-3.47422)+(4-3.47422)*(4-3.47422)+(4-3.47422)*(4-3.47422)+(5-3.47422)*(5-3.47422)+(2-3.47422)*(2-3.47422)+(5-3.47422)*(5-3.47422)+(4-3.47422)*(4-3.47422)+(5-3.47422)*(5-3.47422)+(5-3.47422)*(5-3.47422)+(3-3.47422)*(3-3.47422)+(4-3.47422)*(4-3.47422)+(4-3.47422)*(4-3.47422)+(5-3.47422)*(5-3.47422)+(5-3.47422)*(5-3.47422)+(4-3.47422)*(4-3.47422)+(4-3.47422)*(4-3.47422)+(3-3.47422)*(3-3.47422)+(1-3.47422)*(1-3.47422)+(3-3.47422)*(3-3.47422)+(2-3.47422)*(2-3.47422)+(4-3.47422)*(4-3.47422)+(4-3.47422)*(4-3.47422)+(3-3.47422)*(3-3.47422)+(1-3.47422)*(1-3.47422)+(2-3.47422)*(2-3.47422)+(2-3.47422)*(2-3.47422)+(3-3.47422)*(3-3.47422)+(4-3.47422)*(4-3.47422)+(3-3.47422)*(3-3.47422)+(5-3.47422)*(5-3.47422)+(3-3.47422)*(3-3.47422)+(2-3.47422)*(2-3.47422)+(2-3.47422)*(2-3.47422)+(2-3.47422)*(2-3.47422)+(2-3.47422)*(2-3.47422)+(4-3.47422)*(4-3.47422)+(3-3.47422)*(3-3.47422)+(4-3.47422)*(4-3.47422)+(2-3.47422)*(2-3.47422)+(4-3.47422)*(4-3.47422)+(3-3.47422)*(3-3.47422)+(4-3.47422)*(4-3.47422)+(3-3.47422)*(3-3.47422)+(2-3.47422)*(2-3.47422)+(2-3.47422)*(2-3.47422)+(4-3.47422)*(4-3.47422)+(2-3.47422)*(2-3.47422)+(3-3.47422)*(3-3.47422)+(4-3.47422)*(4-3.47422)+(4-3.47422)*(4-3.47422)+(3-3.47422)*(3-3.47422)+(4-3.47422)*(4-3.47422)+(4-3.47422)*(4-3.47422)+(2-3.47422)*(2-3.47422)+(4-3.47422)*(4-3.47422)+(4-3.47422)*(4-3.47422)+(3-3.47422)*(3-3.47422)+(4-3.47422)*(4-3.47422)+(4-3.47422)*(4-3.47422)+(5-3.47422)*(5-3.47422)+(4-3.47422)*(4-3.47422)+(4-3.47422)*(4-3.47422)+(4-3.47422)*(4-3.47422)+(3-3.47422)*(3-3.47422)+(4-3.47422)*(4-3.47422)+(4-3.47422)*(4-3.47422)+(4-3.47422)*(4-3.47422)+(4-3.47422)*(4-3.47422)+(4-3.47422)*(4-3.47422)+(3-3.47422)*(3-3.47422)+(4-3.47422)*(4-3.47422)+(3-3.47422)*(3-3.47422)+(1-3.47422)*(1-3.47422)+(5-3.47422)*(5-3.47422)+(4-3.47422)*(4-3.47422)+(4-3.47422)*(4-3.47422)+(2-3.47422)*(2-3.47422)+(5-3.47422)*(5-3.47422)+(3-3.47422)*(3-3.47422)+(3-3.47422)*(3-3.47422)+(3-3.47422)*(3-3.47422)+(2-3.47422)*(2-3.47422)+(3-3.47422)*(3-3.47422)+(3-3.47422)*(3-3.47422))/96)

STDEV: 1.02156725495885324342

111222222222222222233333333333333333333333444444
4
444444444444444444444444444444444445555555555555

MEDIAN: 4

11122222222222222223333
33 => 3
33333333333333333444444
4
44444444444444444444444
44 => 4
44444444445555555555555

Q1 = 3
Q2 (mediana) = 4
Q3 = 4

Minimum: 1

Maximum: 5

