scale=5; (4+1+2+4+4+4+5+5+4+3+2+5+3+5+4+5+5+3+5+4+5+5+3+4+5+5+5+4+4+3+1+2+2+4+3+4+1+2+3+2+3+4+5+3+2+2+3+2+4+3+4+2+3+3+4+3+1+2+5+1+4+3+4+2+4+3+2+4+4+3+4+4+5+4+2+4+3+3+4+4+4+4+3+3+3+1+5+5+4+3+4+3+3+4+4+2+3)/97

AVG: 3.41237

sqrt(((4-3.41237)*(4-3.41237)+(1-3.41237)*(1-3.41237)+(2-3.41237)*(2-3.41237)+(4-3.41237)*(4-3.41237)+(4-3.41237)*(4-3.41237)+(4-3.41237)*(4-3.41237)+(5-3.41237)*(5-3.41237)+(5-3.41237)*(5-3.41237)+(4-3.41237)*(4-3.41237)+(3-3.41237)*(3-3.41237)+(2-3.41237)*(2-3.41237)+(5-3.41237)*(5-3.41237)+(3-3.41237)*(3-3.41237)+(5-3.41237)*(5-3.41237)+(4-3.41237)*(4-3.41237)+(5-3.41237)*(5-3.41237)+(5-3.41237)*(5-3.41237)+(3-3.41237)*(3-3.41237)+(5-3.41237)*(5-3.41237)+(4-3.41237)*(4-3.41237)+(5-3.41237)*(5-3.41237)+(5-3.41237)*(5-3.41237)+(3-3.41237)*(3-3.41237)+(4-3.41237)*(4-3.41237)+(5-3.41237)*(5-3.41237)+(5-3.41237)*(5-3.41237)+(5-3.41237)*(5-3.41237)+(4-3.41237)*(4-3.41237)+(4-3.41237)*(4-3.41237)+(3-3.41237)*(3-3.41237)+(1-3.41237)*(1-3.41237)+(2-3.41237)*(2-3.41237)+(2-3.41237)*(2-3.41237)+(4-3.41237)*(4-3.41237)+(3-3.41237)*(3-3.41237)+(4-3.41237)*(4-3.41237)+(1-3.41237)*(1-3.41237)+(2-3.41237)*(2-3.41237)+(3-3.41237)*(3-3.41237)+(2-3.41237)*(2-3.41237)+(3-3.41237)*(3-3.41237)+(4-3.41237)*(4-3.41237)+(5-3.41237)*(5-3.41237)+(3-3.41237)*(3-3.41237)+(2-3.41237)*(2-3.41237)+(2-3.41237)*(2-3.41237)+(3-3.41237)*(3-3.41237)+(2-3.41237)*(2-3.41237)+(4-3.41237)*(4-3.41237)+(3-3.41237)*(3-3.41237)+(4-3.41237)*(4-3.41237)+(2-3.41237)*(2-3.41237)+(3-3.41237)*(3-3.41237)+(3-3.41237)*(3-3.41237)+(4-3.41237)*(4-3.41237)+(3-3.41237)*(3-3.41237)+(1-3.41237)*(1-3.41237)+(2-3.41237)*(2-3.41237)+(5-3.41237)*(5-3.41237)+(1-3.41237)*(1-3.41237)+(4-3.41237)*(4-3.41237)+(3-3.41237)*(3-3.41237)+(4-3.41237)*(4-3.41237)+(2-3.41237)*(2-3.41237)+(4-3.41237)*(4-3.41237)+(3-3.41237)*(3-3.41237)+(2-3.41237)*(2-3.41237)+(4-3.41237)*(4-3.41237)+(4-3.41237)*(4-3.41237)+(3-3.41237)*(3-3.41237)+(4-3.41237)*(4-3.41237)+(4-3.41237)*(4-3.41237)+(5-3.41237)*(5-3.41237)+(4-3.41237)*(4-3.41237)+(2-3.41237)*(2-3.41237)+(4-3.41237)*(4-3.41237)+(3-3.41237)*(3-3.41237)+(3-3.41237)*(3-3.41237)+(4-3.41237)*(4-3.41237)+(4-3.41237)*(4-3.41237)+(4-3.41237)*(4-3.41237)+(4-3.41237)*(4-3.41237)+(3-3.41237)*(3-3.41237)+(3-3.41237)*(3-3.41237)+(3-3.41237)*(3-3.41237)+(1-3.41237)*(1-3.41237)+(5-3.41237)*(5-3.41237)+(5-3.41237)*(5-3.41237)+(4-3.41237)*(4-3.41237)+(3-3.41237)*(3-3.41237)+(4-3.41237)*(4-3.41237)+(3-3.41237)*(3-3.41237)+(3-3.41237)*(3-3.41237)+(4-3.41237)*(4-3.41237)+(4-3.41237)*(4-3.41237)+(2-3.41237)*(2-3.41237)+(3-3.41237)*(3-3.41237))/97)

STDEV: 1.12838336433146691441

111111222222222222222333333333333333333333333334
4
444444444444444444444444444444455555555555555555

MEDIAN: 4

11111122222222222222233
33 => 3
33333333333333333333334
4
44444444444444444444444
44 => 4
44444455555555555555555

Q1 = 3
Q2 (mediana) = 4
Q3 = 4

Minimum: 1

Maximum: 5

