scale=5; (4+1+2+4+4+4+5+5+4+3+3+5+3+4+4+5+5+4+5+4+5+5+3+3+4+5+5+4+3+3+1+3+1+4+3+4+1+1+4+1+3+3+5+3+2+2+4+1+3+2+3+3+2+3+4+2+2+2+5+2+2+3+3+2+4+4+2+2+3+2+5+4+5+3+2+5+3+3+4+3+4+4+3+3+4+1+5+5+4+1+4+3+3+5+2+1+4)/97

AVG: 3.26804

sqrt(((4-3.26804)*(4-3.26804)+(1-3.26804)*(1-3.26804)+(2-3.26804)*(2-3.26804)+(4-3.26804)*(4-3.26804)+(4-3.26804)*(4-3.26804)+(4-3.26804)*(4-3.26804)+(5-3.26804)*(5-3.26804)+(5-3.26804)*(5-3.26804)+(4-3.26804)*(4-3.26804)+(3-3.26804)*(3-3.26804)+(3-3.26804)*(3-3.26804)+(5-3.26804)*(5-3.26804)+(3-3.26804)*(3-3.26804)+(4-3.26804)*(4-3.26804)+(4-3.26804)*(4-3.26804)+(5-3.26804)*(5-3.26804)+(5-3.26804)*(5-3.26804)+(4-3.26804)*(4-3.26804)+(5-3.26804)*(5-3.26804)+(4-3.26804)*(4-3.26804)+(5-3.26804)*(5-3.26804)+(5-3.26804)*(5-3.26804)+(3-3.26804)*(3-3.26804)+(3-3.26804)*(3-3.26804)+(4-3.26804)*(4-3.26804)+(5-3.26804)*(5-3.26804)+(5-3.26804)*(5-3.26804)+(4-3.26804)*(4-3.26804)+(3-3.26804)*(3-3.26804)+(3-3.26804)*(3-3.26804)+(1-3.26804)*(1-3.26804)+(3-3.26804)*(3-3.26804)+(1-3.26804)*(1-3.26804)+(4-3.26804)*(4-3.26804)+(3-3.26804)*(3-3.26804)+(4-3.26804)*(4-3.26804)+(1-3.26804)*(1-3.26804)+(1-3.26804)*(1-3.26804)+(4-3.26804)*(4-3.26804)+(1-3.26804)*(1-3.26804)+(3-3.26804)*(3-3.26804)+(3-3.26804)*(3-3.26804)+(5-3.26804)*(5-3.26804)+(3-3.26804)*(3-3.26804)+(2-3.26804)*(2-3.26804)+(2-3.26804)*(2-3.26804)+(4-3.26804)*(4-3.26804)+(1-3.26804)*(1-3.26804)+(3-3.26804)*(3-3.26804)+(2-3.26804)*(2-3.26804)+(3-3.26804)*(3-3.26804)+(3-3.26804)*(3-3.26804)+(2-3.26804)*(2-3.26804)+(3-3.26804)*(3-3.26804)+(4-3.26804)*(4-3.26804)+(2-3.26804)*(2-3.26804)+(2-3.26804)*(2-3.26804)+(2-3.26804)*(2-3.26804)+(5-3.26804)*(5-3.26804)+(2-3.26804)*(2-3.26804)+(2-3.26804)*(2-3.26804)+(3-3.26804)*(3-3.26804)+(3-3.26804)*(3-3.26804)+(2-3.26804)*(2-3.26804)+(4-3.26804)*(4-3.26804)+(4-3.26804)*(4-3.26804)+(2-3.26804)*(2-3.26804)+(2-3.26804)*(2-3.26804)+(3-3.26804)*(3-3.26804)+(2-3.26804)*(2-3.26804)+(5-3.26804)*(5-3.26804)+(4-3.26804)*(4-3.26804)+(5-3.26804)*(5-3.26804)+(3-3.26804)*(3-3.26804)+(2-3.26804)*(2-3.26804)+(5-3.26804)*(5-3.26804)+(3-3.26804)*(3-3.26804)+(3-3.26804)*(3-3.26804)+(4-3.26804)*(4-3.26804)+(3-3.26804)*(3-3.26804)+(4-3.26804)*(4-3.26804)+(4-3.26804)*(4-3.26804)+(3-3.26804)*(3-3.26804)+(3-3.26804)*(3-3.26804)+(4-3.26804)*(4-3.26804)+(1-3.26804)*(1-3.26804)+(5-3.26804)*(5-3.26804)+(5-3.26804)*(5-3.26804)+(4-3.26804)*(4-3.26804)+(1-3.26804)*(1-3.26804)+(4-3.26804)*(4-3.26804)+(3-3.26804)*(3-3.26804)+(3-3.26804)*(3-3.26804)+(5-3.26804)*(5-3.26804)+(2-3.26804)*(2-3.26804)+(1-3.26804)*(1-3.26804)+(4-3.26804)*(4-3.26804))/96)

STDEV: 1.23756703452782710262

11111111112222222222222
22 => 2
23333333333333333333333
3
33334444444444444444444
44 => 4
44444555555555555555555

Q1 = 2
Q2 (mediana) = 3
Q3 = 4

Minimum: 1

Maximum: 5

