scale=5; (0+1+1+1+2+2+2+2+2+2+2+2+3+3+3+3+3+3+4+4+4+4+4+4+4+4+4+4+4+4+4+4+4+4+4+4+4+4+4+5+5+5+5+5+5+5+5+5+5+5+5+5+5+5+5+5+5+5+5+5+5+5+5+5+5+5)/66

AVG: 3.87878787878787878787


sqrt(((0-3.87878787878787878787)*(0-3.87878787878787878787)+(1-3.87878787878787878787)*(1-3.87878787878787878787)+(1-3.87878787878787878787)*(1-3.87878787878787878787)+(1-3.87878787878787878787)*(1-3.87878787878787878787)+(2-3.87878787878787878787)*(2-3.87878787878787878787)+(2-3.87878787878787878787)*(2-3.87878787878787878787)+(2-3.87878787878787878787)*(2-3.87878787878787878787)+(2-3.87878787878787878787)*(2-3.87878787878787878787)+(2-3.87878787878787878787)*(2-3.87878787878787878787)+(2-3.87878787878787878787)*(2-3.87878787878787878787)+(2-3.87878787878787878787)*(2-3.87878787878787878787)+(2-3.87878787878787878787)*(2-3.87878787878787878787)+(3-3.87878787878787878787)*(3-3.87878787878787878787)+(3-3.87878787878787878787)*(3-3.87878787878787878787)+(3-3.87878787878787878787)*(3-3.87878787878787878787)+(3-3.87878787878787878787)*(3-3.87878787878787878787)+(3-3.87878787878787878787)*(3-3.87878787878787878787)+(3-3.87878787878787878787)*(3-3.87878787878787878787)+(4-3.87878787878787878787)*(4-3.87878787878787878787)+(4-3.87878787878787878787)*(4-3.87878787878787878787)+(4-3.87878787878787878787)*(4-3.87878787878787878787)+(4-3.87878787878787878787)*(4-3.87878787878787878787)+(4-3.87878787878787878787)*(4-3.87878787878787878787)+(4-3.87878787878787878787)*(4-3.87878787878787878787)+(4-3.87878787878787878787)*(4-3.87878787878787878787)+(4-3.87878787878787878787)*(4-3.87878787878787878787)+(4-3.87878787878787878787)*(4-3.87878787878787878787)+(4-3.87878787878787878787)*(4-3.87878787878787878787)+(4-3.87878787878787878787)*(4-3.87878787878787878787)+(4-3.87878787878787878787)*(4-3.87878787878787878787)+(4-3.87878787878787878787)*(4-3.87878787878787878787)+(4-3.87878787878787878787)*(4-3.87878787878787878787)+(4-3.87878787878787878787)*(4-3.87878787878787878787)+(4-3.87878787878787878787)*(4-3.87878787878787878787)+(4-3.87878787878787878787)*(4-3.87878787878787878787)+(4-3.87878787878787878787)*(4-3.87878787878787878787)+(4-3.87878787878787878787)*(4-3.87878787878787878787)+(4-3.87878787878787878787)*(4-3.87878787878787878787)+(4-3.87878787878787878787)*(4-3.87878787878787878787)+(5-3.87878787878787878787)*(5-3.87878787878787878787)+(5-3.87878787878787878787)*(5-3.87878787878787878787)+(5-3.87878787878787878787)*(5-3.87878787878787878787)+(5-3.87878787878787878787)*(5-3.87878787878787878787)+(5-3.87878787878787878787)*(5-3.87878787878787878787)+(5-3.87878787878787878787)*(5-3.87878787878787878787)+(5-3.87878787878787878787)*(5-3.87878787878787878787)+(5-3.87878787878787878787)*(5-3.87878787878787878787)+(5-3.87878787878787878787)*(5-3.87878787878787878787)+(5-3.87878787878787878787)*(5-3.87878787878787878787)+(5-3.87878787878787878787)*(5-3.87878787878787878787)+(5-3.87878787878787878787)*(5-3.87878787878787878787)+(5-3.87878787878787878787)*(5-3.87878787878787878787)+(5-3.87878787878787878787)*(5-3.87878787878787878787)+(5-3.87878787878787878787)*(5-3.87878787878787878787)+(5-3.87878787878787878787)*(5-3.87878787878787878787)+(5-3.87878787878787878787)*(5-3.87878787878787878787)+(5-3.87878787878787878787)*(5-3.87878787878787878787)+(5-3.87878787878787878787)*(5-3.87878787878787878787)+(5-3.87878787878787878787)*(5-3.87878787878787878787)+(5-3.87878787878787878787)*(5-3.87878787878787878787)+(5-3.87878787878787878787)*(5-3.87878787878787878787)+(5-3.87878787878787878787)*(5-3.87878787878787878787)+(5-3.87878787878787878787)*(5-3.87878787878787878787)+(5-3.87878787878787878787)*(5-3.87878787878787878787)+(5-3.87878787878787878787)*(5-3.87878787878787878787)+(5-3.87878787878787878787)*(5-3.87878787878787878787))/65)
STDEV: 1.28320693834628505722

01112222222233333344444444444444
44
44444555555555555555555555555555

011122222222333
33
344444444444444
44
444445555555555
55
555555555555555

